## just to find corr in data set

df.corr()

df.corr()
contract_number	total_contract_value	total_pv_per_year_in_mil	sr_recorded_per_year_in_mil	sr_percentage_of_pv	cs_apps_sr_activated
contract_number	1.000000	-0.061699	0.106678	0.153155	0.155139	NaN
total_contract_value	-0.061699	1.000000	0.278513	0.364625	0.162631	NaN
total_pv_per_year_in_mil	0.106678	0.278513	1.000000	0.784275	0.178776	NaN
sr_recorded_per_year_in_mil	0.153155	0.364625	0.784275	1.000000	0.336948	NaN
sr_percentage_of_pv	0.155139	0.162631	0.178776	0.336948	1.000000	NaN
cs_apps_sr_activated	NaN	NaN	NaN	NaN	NaN	NaN



import numpy as np

                
def color_df (val):
    color = 'blue' if val <0 else 'green'
    return 'color: %s' % color

df = pd.DataFrame (np.random.randn (11, 11))
df.style.applymap (color_df)
0	1	2	3	4	5	6	7	8	9	10
0	-2.522252	-0.056967	-0.816222	-1.566774	-1.280861	0.315931	0.069948	1.384496	-0.459536	0.695399	0.571189
1	-0.951637	1.298774	-0.465613	-0.503147	1.179770	-0.319483	-1.711570	1.541879	2.131661	0.176680	2.004178
2	-0.859659	1.427275	-0.198022	-1.023106	0.224337	-0.870616	-0.349505	-2.451905	0.214640	-1.412858	0.274159
3	-0.887789	0.292327	0.450069	-0.671790	-1.054151	1.073904	-0.342098	-0.807864	-0.406131	2.323046	1.207938
4	0.413495	0.596612	-0.500999	0.826252	1.053216	2.420444	0.391376	1.587609	-0.843187	-0.020170	0.310959
5	-0.568772	-1.517514	0.776736	0.166830	-0.003218	0.325233	-0.385877	-0.526749	0.683401	0.374620	-0.120763
6	0.290388	0.733035	-0.439147	-0.900036	1.144086	1.739725	0.402436	-0.315479	-2.040053	1.804870	0.126490
7	-0.622759	0.001533	-0.046594	1.058211	-1.025922	-0.622788	-0.405239	-1.043404	-0.500020	1.619054	0.765063
8	0.138346	-0.079547	0.348629	0.711218	-0.115120	-0.048590	0.022641	-0.682259	-0.708548	-0.231847	-2.015084
9	0.035778	1.474495	0.682923	-0.571417	0.040268	-1.904856	0.004168	-0.773080	0.585492	-1.356253	2.398413
10	-0.154821	-0.242516	1.212752	-0.044424	1.026476	0.362877	-1.687812	0.512623	-0.138314	-0.055921	-0.868988
 
